[(0, 1)]
[(1, 1), (2, 2), (3, 1), (4, 1)]
[(5, 2), (6, 1), (7, 1), (8, 1), (9, 1)]
[(3, 1), (4, 1), (7, 1), (8, 1), (9, 2), (10, 1), (11, 1), (12, 1), (13, 1)]
[(14, 1)]
[]
[(3, 1), (15, 2), (16, 1), (17, 1), (18, 1)]
[(1, 1), (18, 1), (19, 1)]
[(20, 1), (21, 1)]
[(16, 1)]
[]
[]
[(2, 1)]
[(0, 1), (5, 1), (8, 1), (10, 1), (12, 1), (13, 1), (15, 1), (16, 1)]
[(3, 2), (9, 1), (10, 1), (14, 1), (15, 1)]
[]
[(8, 1), (11, 1), (12, 1), (21, 1)]
[(5, 1), (17, 1), (18, 1), (19, 1), (22, 1)]
[(0, 1), (6, 1), (9, 1), (22, 1)]
[(6, 1), (20, 1), (21, 1)]
